32 0 0 0 0 32 32
33 32 0 6 46 39 78
34 71 0 3 48 47 50
35 118 0 3 47 66 81
36 184 0 4 50 63 88
37 247 0 3 48 80 82
38 327 0 3 47 73 80
39 400 0 3 48 38 50
40 438 0 4 49 47 93
41 485 0 1 49 47 93
42 532 0 2 45 51 51
43 583 0 3 37 66 67
44 649 0 1 7 42 50
45 691 0 3 22 49 37
46 740 0 5 7 39 39
47 779 0 3 48 57 90
48 836 0 3 47 66 80
49 902 0 6 47 50 79
50 952 0 4 47 65 79
51 1017 0 2 47 65 80
52 1082 0 2 46 69 79
53 1151 0 4 46 64 79
54 1215 0 4 47 64 80
55 1279 0 4 46 64 78
56 1343 0 3 47 66 81
57 1409 0 3 47 64 80
58 1473 0 6 32 39 64
59 1512 0 3 32 43 75
60 1555 0 2 35 66 63
61 1621 0 3 27 66 47
62 1687 0 3 35 66 63
63 1753 0 2 47 62 79
64 1815 0 5 47 79 80
65 1894 0 -1 46 73 78
66 1967 0 6 46 65 78
67 0 93 3 47 72 80
68 72 93 6 46 71 78
69 143 93 6 46 62 78
70 205 93 6 46 61 78
71 266 93 3 47 73 80
72 339 93 6 46 68 78
73 407 93 6 46 38 78
74 445 93 -2 46 52 79
75 497 93 6 46 68 78
76 565 93 6 46 60 78
77 625 93 6 46 78 78
78 703 93 6 46 69 78
79 772 93 3 47 76 80
80 848 93 6 46 63 78
81 911 93 3 47 77 83
82 988 93 6 46 67 78
83 1055 93 3 47 64 80
84 1119 93 -1 46 71 78
85 1190 93 5 46 69 79
86 1259 93 -1 46 73 79
87 1332 93 0 46 91 79
88 1423 93 1 46 73 78
89 1496 93 -1 46 72 78
90 1568 93 2 46 69 78
91 1637 93 5 47 44 90
92 1681 93 0 46 72 78
93 1753 93 2 47 44 90
94 1797 93 1 40 62 52
95 1859 93 0 -5 64 36
96 1923 93 8 46 43 41
97 1966 93 3 33 61 66
98 0 183 5 48 63 81
99 63 183 3 33 62 66
100 125 183 3 48 63 81
101 188 183 3 33 63 66
102 251 183 1 48 56 80
103 307 183 3 34 62 80
104 369 183 5 48 60 80
105 429 183 5 45 39 78
106 468 183 -3 45 46 91
107 514 183 5 48 59 80
108 573 183 5 48 38 80
109 611 183 5 33 77 65
110 688 183 5 33 60 65
111 748 183 3 33 65 66
112 813 183 5 33 63 78
113 876 183 3 33 63 78
114 939 183 5 33 50 65
115 989 183 2 33 56 66
116 1045 183 2 42 51 75
117 1096 183 5 32 60 65
118 1156 183 0 32 63 65
119 1219 183 0 32 80 65
120 1299 183 0 32 62 64
121 1361 183 0 32 63 77
122 1424 183 2 32 58 64
123 1482 183 3 47 48 90
124 1530 183 4 47 36 90
125 1566 183 2 47 48 90
126 1614 183 5 45 54 39
127 1668 183 6 55 84 94
128 1752 183 6 55 84 94
129 1836 183 6 55 84 94
130 1920 183 6 55 84 94
131 0 277 6 55 84 94
132 84 277 6 55 84 94
133 168 277 6 55 84 94
134 252 277 6 55 84 94
135 336 277 6 55 84 94
136 420 277 6 55 84 94
137 504 277 6 55 84 94
138 588 277 6 55 84 94
139 672 277 6 55 84 94
140 756 277 6 55 84 94
141 840 277 6 55 84 94
142 924 277 6 55 84 94
143 1008 277 6 55 84 94
144 1092 277 6 55 84 94
145 1176 277 6 55 84 94
146 1260 277 6 55 84 94
147 1344 277 6 55 84 94
148 1428 277 6 55 84 94
149 1512 277 6 55 84 94
150 1596 277 6 55 84 94
151 1680 277 6 55 84 94
152 1764 277 6 55 84 94
153 1848 277 6 55 84 94
154 1932 277 6 55 84 94
155 0 371 6 55 84 94
156 84 371 6 55 84 94
157 168 371 6 55 84 94
158 252 371 6 55 84 94
159 336 371 6 55 84 94
160 420 371 0 0 32 32
161 452 371 6 46 39 78
162 491 371 4 49 64 80
163 555 371 4 49 77 80
164 632 371 5 35 62 62
165 694 371 4 48 71 77
166 765 371 4 47 36 90
167 801 371 5 53 59 90
168 860 371 20 48 55 39
169 915 371 5 50 85 85
170 1000 371 4 47 53 61
171 1053 371 6 33 58 61
172 1111 371 4 37 87 60
173 1198 371 3 22 49 37
174 1247 371 5 50 85 85
175 1332 371 7 43 49 36
176 1381 371 3 53 47 47
177 1428 371 4 48 76 78
178 1504 371 3 47 51 57
179 1555 371 3 47 51 58
180 1606 371 24 48 48 40
181 1654 371 6 55 84 94
182 1738 371 16 52 58 89
183 1796 371 5 23 39 39
184 1835 371 9 0 45 48
185 1880 371 4 47 44 57
186 1924 371 3 47 54 62
187 1978 371 6 33 58 61
188 0 465 4 48 77 82
189 77 465 4 48 78 82
190 155 465 3 48 79 82
191 234 465 3 46 62 79
192 296 465 -1 57 73 90
193 369 465 -1 57 73 90
194 442 465 -1 57 73 90
195 515 465 -1 57 73 89
196 588 465 0 56 73 88
197 661 465 -1 59 73 91
198 734 465 0 46 86 78
199 820 465 3 47 72 96
200 892 465 6 57 62 90
201 954 465 6 57 62 90
202 1016 465 6 57 62 90
203 1078 465 6 56 62 88
204 1140 465 1 57 44 90
205 1184 465 5 57 44 90
206 1228 465 0 57 50 90
207 1278 465 -1 56 51 88
208 1329 465 1 46 76 78
209 1405 465 6 57 69 89
210 1474 465 3 57 76 91
211 1550 465 3 57 76 91
212 1626 465 3 57 76 91
213 1702 465 3 57 76 90
214 1778 465 3 56 76 89
215 1854 465 6 44 73 72
216 1927 465 3 47 76 81
217 0 561 5 57 69 91
218 69 561 5 57 69 91
219 138 561 5 57 69 91
220 207 561 5 56 69 89
221 276 561 -1 57 72 90
222 348 561 6 46 63 78
223 411 561 5 47 60 80
224 471 561 3 46 61 79
225 532 561 3 46 61 79
226 593 561 3 46 61 79
227 654 561 3 45 61 78
228 715 561 3 45 61 78
229 776 561 3 47 61 80
230 837 561 3 33 83 66
231 920 561 3 33 62 80
232 982 561 3 46 62 79
233 1044 561 3 46 62 79
234 1106 561 3 46 62 79
235 1168 561 3 45 62 78
236 1230 561 1 46 43 78
237 1273 561 5 46 43 78
238 1316 561 -1 46 50 78
239 1366 561 -1 45 51 77
240 1417 561 3 47 65 80
241 1482 561 5 45 60 77
242 1542 561 3 46 65 79
243 1607 561 3 46 65 79
244 1672 561 3 46 65 79
245 1737 561 3 45 65 78
246 1802 561 3 45 65 78
247 1867 561 4 42 76 68
248 1943 561 3 33 65 67
249 0 652 5 46 60 79
250 60 652 5 46 60 79
251 120 652 5 46 60 79
252 180 652 5 45 60 77
253 240 652 0 46 63 91
254 303 652 5 47 63 92
255 366 652 0 45 63 90
12352 429 652 6 55 84 94
12353 513 652 5 40 73 75
12354 586 652 4 50 83 85
12355 669 652 6 35 73 67
12356 742 652 5 43 82 74
12357 824 652 4 41 62 78
12358 886 652 4 51 69 88
12359 955 652 3 41 71 76
12360 1026 652 3 51 81 85
12361 1107 652 5 39 73 73
12362 1180 652 4 48 83 82
12363 1263 652 5 49 87 83
12364 1350 652 5 53 88 87
12365 1438 652 5 51 75 85
12366 1513 652 5 53 84 88
12367 1597 652 6 51 62 86
12368 1659 652 6 51 76 86
12369 1735 652 6 49 81 85
12370 1816 652 6 54 86 90
12371 1902 652 5 44 73 77
12372 0 746 5 50 83 83
12373 83 746 5 50 76 84
12374 159 746 5 54 86 88
12375 245 746 9 48 70 83
12376 315 746 9 49 70 84
12377 385 746 2 50 84 88
12378 469 746 2 54 87 91
12379 556 746 2 49 87 82
12380 643 746 2 51 90 84
12381 733 746 3 48 81 83
12382 814 746 3 48 87 83
12383 901 746 4 51 84 85
12384 985 746 4 51 85 85
12385 1070 746 3 51 80 85
12386 1150 746 3 51 88 86
12387 1238 746 4 32 73 63
12388 1311 746 4 41 82 71
12389 1393 746 4 54 88 84
12390 1481 746 2 45 82 79
12391 1563 746 2 45 85 79
12392 1648 746 5 50 73 83
12393 1721 746 5 51 81 85
12394 1802 746 4 51 86 86
12395 1888 746 6 48 80 81
12396 0 837 4 50 88 82
12397 88 837 2 50 89 84
12398 177 837 4 45 84 78
12399 261 837 6 48 84 82
12400 345 837 6 54 87 87
12401 432 837 6 55 86 88
12402 518 837 2 45 88 79
12403 606 837 2 50 90 85
12404 696 837 2 50 91 85
12405 787 837 2 49 90 84
12406 877 837 2 51 90 85
12407 967 837 2 49 90 84
12408 1057 837 3 38 88 62
12409 1145 837 3 46 88 69
12410 1233 837 3 45 88 68
12411 1321 837 6 49 84 83
12412 1405 837 6 54 88 88
12413 1493 837 6 54 88 88
12414 1581 837 5 50 76 85
12415 1657 837 3 46 87 81
12416 1744 837 5 49 87 84
12417 1831 837 4 49 85 84
12418 1916 837 3 50 76 86
12419 0 925 3 41 75 76
12420 75 925 2 51 85 87
12421 160 925 6 39 72 75
12422 232 925 6 49 82 86
12423 314 925 4 39 67 73
12424 381 925 4 50 77 84
12425 458 925 5 51 73 87
12426 531 925 7 49 66 85
12427 597 925 3 47 77 82
12428 674 925 4 50 88 84
12429 762 925 3 47 77 82
12430 839 925 3 39 76 74
12431 915 925 4 49 86 84
12432 1001 925 4 47 83 82
12433 1084 925 2 48 90 84
12434 1174 925 4 51 80 86
12435 1254 925 3 49 85 84
12436 1339 925 4 51 82 88
12437 1421 925 4 40 76 73
12438 1497 925 6 40 72 76
12439 1569 925 6 55 84 94
12440 1653 925 6 55 84 94
12441 1737 925 42 53 49 48
12442 1786 925 44 53 47 47
12443 1833 925 -5 53 50 48
12444 1883 925 -6 53 47 47
12445 1930 925 6 40 59 66
12446 0 1019 6 47 66 73
12447 66 1019 15 52 68 89
12448 134 1019 5 32 59 50
12449 193 1019 4 35 71 70
12450 264 1019 3 45 81 80
12451 345 1019 3 39 66 74
12452 411 1019 2 49 74 84
12453 485 1019 5 40 67 75
12454 552 1019 5 49 75 84
12455 627 1019 3 33 75 61
12456 702 1019 3 40 84 68
12457 786 1019 2 39 73 73
12458 859 1019 2 50 83 84
12459 942 1019 4 49 77 84
12460 1019 1019 4 52 87 87
12461 1106 1019 3 50 82 86
12462 1188 1019 3 54 86 89
12463 1274 1019 3 50 75 85
12464 1349 1019 3 53 86 88
12465 1435 1019 2 49 83 85
12466 1518 1019 2 52 87 88
12467 1605 1019 6 41 73 73
12468 1678 1019 6 54 85 85
12469 1763 1019 3 49 86 85
12470 1849 1019 3 52 90 88
12471 1939 1019 4 47 81 80
12472 0 1108 4 53 85 86
12473 85 1108 3 44 83 78
12474 168 1108 3 53 88 86
12475 256 1108 4 48 83 80
12476 339 1108 4 53 87 85
12477 426 1108 3 45 76 79
12478 502 1108 3 54 85 89
12479 587 1108 3 50 76 86
12480 663 1108 3 54 87 90
12481 750 1108 3 48 85 84
12482 835 1108 3 50 89 86
12483 924 1108 3 36 70 70
12484 994 1108 3 47 79 81
12485 1073 1108 3 55 87 89
12486 1160 1108 3 45 84 81
12487 1244 1108 3 54 89 89
12488 1333 1108 11 50 62 84
12489 1395 1108 11 50 67 84
12490 1462 1108 3 49 83 84
12491 1545 1108 4 39 83 65
12492 1628 1108 5 45 74 79
12493 1702 1108 3 52 84 88
12494 1786 1108 3 45 69 78
12495 1855 1108 3 40 88 67
12496 1943 1108 3 51 89 79
12497 0 1198 3 52 88 79
12498 88 1198 7 48 73 79
12499 161 1198 7 51 80 83
12500 241 1198 7 52 80 83
12501 321 1198 4 43 75 76
12502 396 1198 4 54 85 88
12503 481 1198 5 55 85 88
12504 566 1198 3 39 88 64
12505 654 1198 3 45 88 69
12506 742 1198 3 47 88 71
12507 830 1198 3 49 84 84
12508 914 1198 3 53 87 87
12509 1001 1198 3 53 85 88
12510 1086 1198 4 41 82 73
12511 1168 1198 5 48 71 82
12512 1239 1198 2 47 84 78
12513 1323 1198 3 48 73 82
12514 1396 1198 3 44 81 76
12515 1477 1198 3 39 74 74
12516 1551 1198 3 49 83 84
12517 1634 1198 3 33 75 61
12518 1709 1198 3 40 84 67
12519 1793 1198 6 34 63 67
12520 1856 1198 5 43 71 76
12521 1927 1198 3 46 78 81
12522 0 1286 9 49 62 85
12523 62 1286 3 46 89 79
12524 151 1286 9 47 72 80
12525 223 1286 7 42 73 73
12526 296 1286 5 34 67 69
12527 363 1286 5 43 76 78
12528 439 1286 3 50 85 85
12529 524 1286 3 41 84 69
12530 608 1286 4 45 74 79
12531 682 1286 5 45 78 77
12532 760 1286 5 54 84 89
12533 844 1286 4 38 68 72
12534 912 1286 3 39 73 75
12535 985 1286 5 54 85 88
12536 1070 1286 3 53 88 88
12537 1158 1286 3 54 88 83
12538 1246 1286 4 55 84 89
12539 1330 1286 11 28 41 41
12540 1371 1286 4 26 85 38
12541 1456 1286 6 38 62 62
12542 1518 1286 6 46 67 69
12543 1585 1286 11 46 70 81