32 0 0 0 0 16 16
33 16 0 6 46 23 62
34 39 0 3 48 31 34
35 70 0 3 47 50 65
36 120 0 4 50 47 72
37 167 0 3 48 64 66
38 231 0 3 47 57 64
39 288 0 3 48 22 34
40 310 0 4 49 31 77
41 341 0 1 49 31 77
42 372 0 2 45 35 35
43 407 0 3 37 50 51
44 457 0 1 7 26 34
45 483 0 3 22 33 21
46 516 0 5 7 23 23
47 539 0 3 48 41 74
48 580 0 3 47 50 64
49 630 0 6 47 34 63
50 664 0 4 47 49 63
51 713 0 2 47 49 64
52 762 0 2 46 53 63
53 815 0 4 46 48 63
54 863 0 4 47 48 64
55 911 0 4 46 48 62
56 959 0 3 47 50 65
57 1009 0 3 47 48 64
58 1057 0 6 32 23 48
59 1080 0 3 32 27 59
60 1107 0 2 35 50 47
61 1157 0 3 27 50 31
62 1207 0 3 35 50 47
63 1257 0 2 47 46 63
64 1303 0 5 47 63 64
65 1366 0 -1 46 57 62
66 1423 0 6 46 49 62
67 1472 0 3 47 56 64
68 1528 0 6 46 55 62
69 1583 0 6 46 46 62
70 1629 0 6 46 45 62
71 1674 0 3 47 57 64
72 1731 0 6 46 52 62
73 1783 0 6 46 22 62
74 1805 0 -2 46 36 63
75 1841 0 6 46 52 62
76 1893 0 6 46 44 62
77 1937 0 6 46 62 62
78 0 77 6 46 53 62
79 53 77 3 47 60 64
80 113 77 6 46 47 62
81 160 77 3 47 61 67
82 221 77 6 46 51 62
83 272 77 3 47 48 64
84 320 77 -1 46 55 62
85 375 77 5 46 53 63
86 428 77 -1 46 57 63
87 485 77 0 46 75 63
88 560 77 1 46 57 62
89 617 77 -1 46 56 62
90 673 77 2 46 53 62
91 726 77 5 47 28 74
92 754 77 0 46 56 62
93 810 77 2 47 28 74
94 838 77 1 40 46 36
95 884 77 0 -5 48 20
96 932 77 8 46 27 25
97 959 77 3 33 45 50
98 1004 77 5 48 47 65
99 1051 77 3 33 46 50
100 1097 77 3 48 47 65
101 1144 77 3 33 47 50
102 1191 77 1 48 40 64
103 1231 77 3 34 46 64
104 1277 77 5 48 44 64
105 1321 77 5 45 23 62
106 1344 77 -3 45 30 75
107 1374 77 5 48 43 64
108 1417 77 5 48 22 64
109 1439 77 5 33 61 49
110 1500 77 5 33 44 49
111 1544 77 3 33 49 50
112 1593 77 5 33 47 62
113 1640 77 3 33 47 62
114 1687 77 5 33 34 49
115 1721 77 2 33 40 50
116 1761 77 2 42 35 59
117 1796 77 5 32 44 49
118 1840 77 0 32 47 49
119 1887 77 0 32 64 49
120 1951 77 0 32 46 48
121 1997 77 0 32 47 61
122 0 152 2 32 42 48
123 42 152 3 47 32 74
124 74 152 4 47 20 74
125 94 152 2 47 32 74
126 126 152 5 45 38 23
127 164 152 6 55 68 78
128 232 152 6 55 68 78
129 300 152 6 55 68 78
130 368 152 6 55 68 78
131 436 152 6 55 68 78
132 504 152 6 55 68 78
133 572 152 6 55 68 78
134 640 152 6 55 68 78
135 708 152 6 55 68 78
136 776 152 6 55 68 78
137 844 152 6 55 68 78
138 912 152 6 55 68 78
139 980 152 6 55 68 78
140 1048 152 6 55 68 78
141 1116 152 6 55 68 78
142 1184 152 6 55 68 78
143 1252 152 6 55 68 78
144 1320 152 6 55 68 78
145 1388 152 6 55 68 78
146 1456 152 6 55 68 78
147 1524 152 6 55 68 78
148 1592 152 6 55 68 78
149 1660 152 6 55 68 78
150 1728 152 6 55 68 78
151 1796 152 6 55 68 78
152 1864 152 6 55 68 78
153 1932 152 6 55 68 78
154 0 230 6 55 68 78
155 68 230 6 55 68 78
156 136 230 6 55 68 78
157 204 230 6 55 68 78
158 272 230 6 55 68 78
159 340 230 6 55 68 78
160 408 230 0 0 16 16
161 424 230 6 46 23 62
162 447 230 4 49 48 64
163 495 230 4 49 61 64
164 556 230 5 35 46 46
165 602 230 4 48 55 61
166 657 230 4 47 20 74
167 677 230 5 53 43 74
168 720 230 20 48 39 23
169 759 230 5 50 69 69
170 828 230 4 47 37 45
171 865 230 6 33 42 45
172 907 230 4 37 71 44
173 978 230 3 22 33 21
174 1011 230 5 50 69 69
175 1080 230 7 43 33 20
176 1113 230 3 53 31 31
177 1144 230 4 48 60 62
178 1204 230 3 47 35 41
179 1239 230 3 47 35 42
180 1274 230 24 48 32 24
181 1306 230 6 55 68 78
182 1374 230 16 52 42 73
183 1416 230 5 23 23 23
184 1439 230 9 0 29 32
185 1468 230 4 47 28 41
186 1496 230 3 47 38 46
187 1534 230 6 33 42 45
188 1576 230 4 48 61 66
189 1637 230 4 48 62 66
190 1699 230 3 48 63 66
191 1762 230 3 46 46 63
192 1808 230 -1 57 57 74
193 1865 230 -1 57 57 74
194 1922 230 -1 57 57 74
195 1979 230 -1 57 57 73
196 0 308 0 56 57 72
197 57 308 -1 59 57 75
198 114 308 0 46 70 62
199 184 308 3 47 56 80
200 240 308 6 57 46 74
201 286 308 6 57 46 74
202 332 308 6 57 46 74
203 378 308 6 56 46 72
204 424 308 1 57 28 74
205 452 308 5 57 28 74
206 480 308 0 57 34 74
207 514 308 -1 56 35 72
208 549 308 1 46 60 62
209 609 308 6 57 53 73
210 662 308 3 57 60 75
211 722 308 3 57 60 75
212 782 308 3 57 60 75
213 842 308 3 57 60 74
214 902 308 3 56 60 73
215 962 308 6 44 57 56
216 1019 308 3 47 60 65
217 1079 308 5 57 53 75
218 1132 308 5 57 53 75
219 1185 308 5 57 53 75
220 1238 308 5 56 53 73
221 1291 308 -1 57 56 74
222 1347 308 6 46 47 62
223 1394 308 5 47 44 64
224 1438 308 3 46 45 63
225 1483 308 3 46 45 63
226 1528 308 3 46 45 63
227 1573 308 3 45 45 62
228 1618 308 3 45 45 62
229 1663 308 3 47 45 64
230 1708 308 3 33 67 50
231 1775 308 3 33 46 64
232 1821 308 3 46 46 63
233 1867 308 3 46 46 63
234 1913 308 3 46 46 63
235 1959 308 3 45 46 62
236 2005 308 1 46 27 62
237 0 388 5 46 27 62
238 27 388 -1 46 34 62
239 61 388 -1 45 35 61
240 96 388 3 47 49 64
241 145 388 5 45 44 61
242 189 388 3 46 49 63
243 238 388 3 46 49 63
244 287 388 3 46 49 63
245 336 388 3 45 49 62
246 385 388 3 45 49 62
247 434 388 4 42 60 52
248 494 388 3 33 49 51
249 543 388 5 46 44 63
250 587 388 5 46 44 63
251 631 388 5 46 44 63
252 675 388 5 45 44 61
253 719 388 0 46 47 75
254 766 388 5 47 47 76
255 813 388 0 45 47 74
12352 860 388 6 55 68 78
12353 928 388 5 40 57 59
12354 985 388 4 50 67 69
12355 1052 388 6 35 57 51
12356 1109 388 5 43 66 58
12357 1175 388 4 41 46 62
12358 1221 388 4 51 53 72
12359 1274 388 3 41 55 60
12360 1329 388 3 51 65 69
12361 1394 388 5 39 57 57
12362 1451 388 4 48 67 66
12363 1518 388 5 49 71 67
12364 1589 388 5 53 72 71
12365 1661 388 5 51 59 69
12366 1720 388 5 53 68 72
12367 1788 388 6 51 46 70
12368 1834 388 6 51 60 70
12369 1894 388 6 49 65 69
12370 1959 388 6 54 70 74
12371 0 466 5 44 57 61
12372 57 466 5 50 67 67
12373 124 466 5 50 60 68
12374 184 466 5 54 70 72
12375 254 466 9 48 54 67
12376 308 466 9 49 54 68
12377 362 466 2 50 68 72
12378 430 466 2 54 71 75
12379 501 466 2 49 71 66
12380 572 466 2 51 74 68
12381 646 466 3 48 65 67
12382 711 466 3 48 71 67
12383 782 466 4 51 68 69
12384 850 466 4 51 69 69
12385 919 466 3 51 64 69
12386 983 466 3 51 72 70
12387 1055 466 4 32 57 47
12388 1112 466 4 41 66 55
12389 1178 466 4 54 72 68
12390 1250 466 2 45 66 63
12391 1316 466 2 45 69 63
12392 1385 466 5 50 57 67
12393 1442 466 5 51 65 69
12394 1507 466 4 51 70 70
12395 1577 466 6 48 64 65
12396 1641 466 4 50 72 66
12397 1713 466 2 50 73 68
12398 1786 466 4 45 68 62
12399 1854 466 6 48 68 66
12400 1922 466 6 54 71 71
12401 0 541 6 55 70 72
12402 70 541 2 45 72 63
12403 142 541 2 50 74 69
12404 216 541 2 50 75 69
12405 291 541 2 49 74 68
12406 365 541 2 51 74 69
12407 439 541 2 49 74 68
12408 513 541 3 38 72 46
12409 585 541 3 46 72 53
12410 657 541 3 45 72 52
12411 729 541 6 49 68 67
12412 797 541 6 54 72 72
12413 869 541 6 54 72 72
12414 941 541 5 50 60 69
12415 1001 541 3 46 71 65
12416 1072 541 5 49 71 68
12417 1143 541 4 49 69 68
12418 1212 541 3 50 60 70
12419 1272 541 3 41 59 60
12420 1331 541 2 51 69 71
12421 1400 541 6 39 56 59
12422 1456 541 6 49 66 70
12423 1522 541 4 39 51 57
12424 1573 541 4 50 61 68
12425 1634 541 5 51 57 71
12426 1691 541 7 49 50 69
12427 1741 541 3 47 61 66
12428 1802 541 4 50 72 68
12429 1874 541 3 47 61 66
12430 1935 541 3 39 60 58
12431 0 613 4 49 70 68
12432 70 613 4 47 67 66
12433 137 613 2 48 74 68
12434 211 613 4 51 64 70
12435 275 613 3 49 69 68
12436 344 613 4 51 66 72
12437 410 613 4 40 60 57
12438 470 613 6 40 56 60
12439 526 613 6 55 68 78
12440 594 613 6 55 68 78
12441 662 613 42 53 33 32
12442 695 613 44 53 31 31
12443 726 613 -5 53 34 32
12444 760 613 -6 53 31 31
12445 791 613 6 40 43 50
12446 834 613 6 47 50 57
12447 884 613 15 52 52 73
12448 936 613 5 32 43 34
12449 979 613 4 35 55 54
12450 1034 613 3 45 65 64
12451 1099 613 3 39 50 58
12452 1149 613 2 49 58 68
12453 1207 613 5 40 51 59
12454 1258 613 5 49 59 68
12455 1317 613 3 33 59 45
12456 1376 613 3 40 68 52
12457 1444 613 2 39 57 57
12458 1501 613 2 50 67 68
12459 1568 613 4 49 61 68
12460 1629 613 4 52 71 71
12461 1700 613 3 50 66 70
12462 1766 613 3 54 70 73
12463 1836 613 3 50 59 69
12464 1895 613 3 53 70 72
12465 1965 613 2 49 67 69
12466 0 691 2 52 71 72
12467 71 691 6 41 57 57
12468 128 691 6 54 69 69
12469 197 691 3 49 70 69
12470 267 691 3 52 74 72
12471 341 691 4 47 65 64
12472 406 691 4 53 69 70
12473 475 691 3 44 67 62
12474 542 691 3 53 72 70
12475 614 691 4 48 67 64
12476 681 691 4 53 71 69
12477 752 691 3 45 60 63
12478 812 691 3 54 69 73
12479 881 691 3 50 60 70
12480 941 691 3 54 71 74
12481 1012 691 3 48 69 68
12482 1081 691 3 50 73 70
12483 1154 691 3 36 54 54
12484 1208 691 3 47 63 65
12485 1271 691 3 55 71 73
12486 1342 691 3 45 68 65
12487 1410 691 3 54 73 73
12488 1483 691 11 50 46 68
12489 1529 691 11 50 51 68
12490 1580 691 3 49 67 68
12491 1647 691 4 39 67 49
12492 1714 691 5 45 58 63
12493 1772 691 3 52 68 72
12494 1840 691 3 45 53 62
12495 1893 691 3 40 72 51
12496 1965 691 3 51 73 63
12497 0 765 3 52 72 63
12498 72 765 7 48 57 63
12499 129 765 7 51 64 67
12500 193 765 7 52 64 67
12501 257 765 4 43 59 60
12502 316 765 4 54 69 72
12503 385 765 5 55 69 72
12504 454 765 3 39 72 48
12505 526 765 3 45 72 53
12506 598 765 3 47 72 55
12507 670 765 3 49 68 68
12508 738 765 3 53 71 71
12509 809 765 3 53 69 72
12510 878 765 4 41 66 57
12511 944 765 5 48 55 66
12512 999 765 2 47 68 62
12513 1067 765 3 48 57 66
12514 1124 765 3 44 65 60
12515 1189 765 3 39 58 58
12516 1247 765 3 49 67 68
12517 1314 765 3 33 59 45
12518 1373 765 3 40 68 51
12519 1441 765 6 34 47 51
12520 1488 765 5 43 55 60
12521 1543 765 3 46 62 65
12522 1605 765 9 49 46 69
12523 1651 765 3 46 73 63
12524 1724 765 9 47 56 64
12525 1780 765 7 42 57 57
12526 1837 765 5 34 51 53
12527 1888 765 5 43 60 62
12528 1948 765 3 50 69 69
12529 0 837 3 41 68 53
12530 68 837 4 45 58 63
12531 126 837 5 45 62 61
12532 188 837 5 54 68 73
12533 256 837 4 38 52 56
12534 308 837 3 39 57 59
12535 365 837 5 54 69 72
12536 434 837 3 53 72 72
12537 506 837 3 54 72 67
12538 578 837 4 55 68 73
12539 646 837 11 28 25 25
12540 671 837 4 26 69 22
12541 740 837 6 38 46 46
12542 786 837 6 46 51 53
12543 837 837 11 46 54 65
